[header]
width=20
height=10
tilewidth=70
tileheight=70
orientation=orthogonal
background_color=0,0,0,255

[tilesets]
tileset=../../../../../../Desktop/Terrain.png,70,70,0,0

[layer]
type=Terrain
data=
0,0,0,0,0,0,0,0,0,0,0,0,0,0,0,0,0,0,0,0,
0,0,0,0,0,0,0,0,0,0,0,0,0,0,0,0,0,0,0,0,
0,0,0,0,0,0,0,0,0,0,0,0,0,0,0,0,0,0,0,0,
0,0,0,0,0,0,0,0,0,0,0,0,0,0,0,0,0,0,0,0,
0,0,0,0,0,0,0,0,0,0,0,0,0,0,0,0,0,0,0,0,
0,0,0,0,0,0,0,0,0,0,0,0,0,0,0,0,0,0,0,0,
0,0,0,0,0,0,0,0,8,8,11,0,1,1,0,8,8,8,8,8,
0,0,0,0,0,0,0,8,1,5,5,5,5,5,5,1,1,1,1,1,
0,0,0,0,0,0,8,1,1,4,4,4,4,4,4,1,1,1,1,1,
8,8,8,8,8,8,1,1,1,4,4,4,4,4,4,1,1,1,1,1

